B_95 = 4.97087; B_90 = 4.8769; B_68 = 4.66639;
B_SM = 4.54542; width_SM = 1.22312611664e-05; error_SM = 3.7280742771e-08;
MU = [05 06 08 10 15 18 20 25 30 35 40 50 60 70 ];
g = [0.01 0.10 0.40 0.70 ]';

width = [0.000012213410 0.000012280865 0.000012244941 0.000012242722 0.000012200102 0.000012223996 0.000012236679 0.000012203728 0.000012246565 0.000012175103 0.000012216784 0.000012238126 0.000012209120 0.000012203174
    0.000017758221 0.000017045037 0.000015898414 0.000015112118 0.000013658722 0.000013334972 0.000012999111 0.000012668891 0.000012406946 0.000012307485 0.000012259959 0.000012226391 0.000012253584 0.000012201205
    0.000102087104 0.000090204094 0.000071760195 0.000058256784 0.000036849639 0.000029208404 0.000025539071 0.000019260831 0.000015816556 0.000014045650 0.000013048315 0.000012317082 0.000012209263 0.000012191816
    0.000287058876 0.000251381566 0.000193938054 0.000152546325 0.000087622717 0.000064154155 0.000052770933 0.000033779895 0.000023299097 0.000017716114 0.000014799003 0.000012578239 0.000012187852 0.000012176863
    ];

error = [0.000000036988 0.000000035230 0.000000036120 0.000000041911 0.000000035995 0.000000037925 0.000000038750 0.000000038011 0.000000036490 0.000000036727 0.000000035339 0.000000040224 0.000000039344 0.000000038330
    0.000000045265 0.000000051496 0.000000040441 0.000000043492 0.000000044033 0.000000043462 0.000000040062 0.000000040949 0.000000038327 0.000000033576 0.000000037917 0.000000035302 0.000000034281 0.000000039160
    0.000000194839 0.000000160915 0.000000155326 0.000000105677 0.000000080005 0.000000067562 0.000000049722 0.000000050894 0.000000050450 0.000000041737 0.000000043775 0.000000035229 0.000000036838 0.000000036693
    0.000000453493 0.000000507416 0.000000414124 0.000000270847 0.000000183299 0.000000120181 0.000000101257 0.000000073249 0.000000062216 0.000000044242 0.000000038561 0.000000042520 0.000000033848 0.000000038808
    ];

n_M4l = [10000 10000 10000 10000 10000 10000 10000 10000 10000 10000 10000 10000 10000 10000
    10000 10000 10000 10000 10000 10000 10000 10000 10000 10000 10000 10000 10000 10000
    10000 10000 10000 10000 10000 10000 10000 10000 10000 10000 10000 10000 10000 10000
    10000 10000 10000 10000 10000 10000 10000 10000 10000 10000 10000 10000 10000 10000
    ];

n_acc = [2459 2493 2469 2532 2580 2542 2495 2509 2481 2478 2439 2544 2520 2479
    2629 2696 2685 2619 2605 2590 2548 2460 2556 2543 2455 2441 2446 2486
    2977 2991 2940 2982 3008 3039 2984 3028 2813 2582 2651 2503 2508 2556
    3036 3152 3061 3018 3147 3385 3234 3290 3025 2787 2927 2602 2558 2528
    ];

