B_95 = 4.97087; B_90 = 4.8769; B_68 = 4.66639;
B_SM = 4.54542; width_SM = 1.22312611664e-05; error_SM = 3.7280742771e-08;
MU = [05 20 40 70 ];
g = [0.01 0.02 0.05 0.10 0.15 0.20 0.25 0.30 0.35 0.40 0.45 0.50 0.60 0.70 ]';

width = [0.000015906058 0.000012783006 0.000012303830 0.000012211008
    0.000026825470 0.000014410710 0.000012443949 0.000012233073
    0.000103973322 0.000025768509 0.000013711160 0.000012182452
    0.000379212864 0.000066027115 0.000018147195 0.000012217879
    0.000835812112 0.000133623903 0.000025609678 0.000012320260
    0.001489904176 0.000227099154 0.000036049374 0.000012285785
    0.002310275263 0.000348700237 0.000049290302 0.000012381160
    0.003307748308 0.000497043889 0.000065524530 0.000012410727
    0.004502640961 0.000670467021 0.000084691470 0.000012520047
    0.005829665364 0.000868447881 0.000106560037 0.000012547099
    0.007382774068 0.001099220721 0.000131676594 0.000012744001
    0.009149308270 0.001346276599 0.000159410849 0.000012877585
    0.013156308405 0.001925991768 0.000222553346 0.000013254929
    0.017806650008 0.002607276456 0.000296788645 0.000013691074
    ];

error = [0.000000051449 0.000000037345 0.000000040093 0.000000034487
    0.000000078777 0.000000042765 0.000000038658 0.000000039719
    0.000000332071 0.000000060098 0.000000040125 0.000000039128
    0.000001120631 0.000000137774 0.000000044158 0.000000036761
    0.000002284962 0.000000253942 0.000000060333 0.000000032789
    0.000004234302 0.000000489283 0.000000078994 0.000000040290
    0.000008352666 0.000000770709 0.000000085931 0.000000038360
    0.000010053193 0.000001055913 0.000000123613 0.000000035365
    0.000012741931 0.000001244174 0.000000152306 0.000000041461
    0.000016407481 0.000001622865 0.000000216728 0.000000039535
    0.000025944097 0.000002408315 0.000000220566 0.000000039813
    0.000030208059 0.000002718975 0.000000314756 0.000000036392
    0.000037082903 0.000004123579 0.000000355482 0.000000039155
    0.000053992442 0.000005306580 0.000000476430 0.000000040931
    ];

n_M4l = [10000 10000 10000 10000
    10000 10000 10000 10000
    10000 10000 10000 10000
    10000 10000 10000 10000
    10000 10000 10000 10000
    10000 10000 10000 10000
    10000 10000 10000 10000
    10000 10000 10000 10000
    10000 10000 10000 10000
    10000 10000 10000 10000
    10000 10000 10000 10000
    10000 10000 10000 10000
    10000 10000 10000 10000
    10000 10000 10000 10000
    ];

n_acc = [2397 2612 2520 2536
    2137 2877 2575 2473
    1986 3871 2876 2510
    1937 4602 3651 2532
    1893 4876 4519 2449
    1971 4940 4989 2605
    1966 4944 5354 2604
    1945 5041 5653 2569
    1911 5084 5795 2688
    1922 5040 5896 2643
    1999 5078 6057 2822
    1866 5033 6173 2820
    1983 5027 6226 3034
    1981 5024 6357 3124
    ];

