B_95 = 4.97087; B_90 = 4.8769; B_68 = 4.66639;
B_SM = 4.54542; width_SM = 1.22312611664e-05; error_SM = 3.7280742771e-08;
MU = [05 10 40 70 ];
g = [0.01 0.02 0.05 0.10 0.15 0.20 0.25 0.30 0.35 0.40 0.45 0.50 0.60 0.70 ]';

width = [0.000012213410 0.000012242722 0.000012216784 0.000012203174
    0.000012428975 0.000012309836 0.000012165228 0.000012178541
    0.000013619843 0.000012920815 0.000012292514 0.000012241919
    0.000017758221 0.000015112118 0.000012259959 0.000012201205
    0.000024817073 0.000018634005 0.000012342431 0.000012240977
    0.000034648575 0.000023720170 0.000012442913 0.000012165685
    0.000047463181 0.000030129776 0.000012519945 0.000012220221
    0.000062651884 0.000038013682 0.000012680543 0.000012197461
    0.000080942490 0.000047264185 0.000012854037 0.000012224785
    0.000102087104 0.000058256784 0.000013048315 0.000012191816
    0.000125728396 0.000070156185 0.000013296700 0.000012127804
    0.000152254603 0.000083838481 0.000013586573 0.000012157498
    0.000213427795 0.000115583663 0.000014105922 0.000012227524
    0.000287058876 0.000152546325 0.000014799003 0.000012176863
    ];

error = [0.000000036988 0.000000041911 0.000000035339 0.000000038330
    0.000000036744 0.000000034317 0.000000038479 0.000000034127
    0.000000039987 0.000000035285 0.000000037923 0.000000033323
    0.000000045265 0.000000043492 0.000000037917 0.000000039160
    0.000000053822 0.000000046281 0.000000040615 0.000000037342
    0.000000070989 0.000000061729 0.000000036829 0.000000040389
    0.000000105467 0.000000057905 0.000000037559 0.000000047255
    0.000000127800 0.000000074107 0.000000046883 0.000000040097
    0.000000164303 0.000000097197 0.000000040247 0.000000049641
    0.000000194839 0.000000105677 0.000000043775 0.000000036693
    0.000000228817 0.000000138036 0.000000038959 0.000000043289
    0.000000259683 0.000000168464 0.000000038724 0.000000037395
    0.000000420844 0.000000204769 0.000000043165 0.000000037668
    0.000000453493 0.000000270847 0.000000038561 0.000000038808
    ];

n_M4l = [10000 10000 10000 10000
    10000 10000 10000 10000
    10000 10000 10000 10000
    10000 10000 10000 10000
    10000 10000 10000 10000
    10000 10000 10000 10000
    10000 10000 10000 10000
    10000 10000 10000 10000
    10000 10000 10000 10000
    10000 10000 10000 10000
    10000 10000 10000 10000
    10000 10000 10000 10000
    10000 10000 10000 10000
    10000 10000 10000 10000
    ];

n_acc = [2459 2532 2439 2479
    2553 2513 2540 2552
    2529 2605 2503 2444
    2629 2619 2455 2486
    2756 2721 2569 2481
    2900 2838 2575 2492
    2939 2954 2606 2454
    2965 2968 2621 2534
    2936 3007 2487 2480
    2977 2982 2651 2556
    2987 3056 2645 2612
    3032 3162 2721 2570
    3048 3034 2722 2433
    3036 3018 2927 2528
    ];

