B_95 = 4.97087; B_90 = 4.8769; B_68 = 4.66639;
B_SM = 4.54542; width_SM = 1.22312611664e-05; error_SM = 3.7280742771e-08;
MU = [05 06 08 10 15 18 20 25 30 35 40 50 60 70 ];
g = [0.01 0.10 0.40 0.70 ]';

width = [0.000015858124 0.000015295664 0.000014493343 0.000013948099 0.000013127409 0.000012956767 0.000012771563 0.000012500541 0.000012336143 0.000012298959 0.000012301584 0.000012220378 0.000012108004 0.000012184409
    0.000378669385 0.000320775293 0.000240287888 0.000186194608 0.000106091173 0.000079235657 0.000065970618 0.000043523228 0.000030563843 0.000022810217 0.000018198238 0.000013866306 0.000012531113 0.000012292671
    0.005889555866 0.004939052556 0.003638697675 0.002783917549 0.001510322158 0.001077531528 0.000868997718 0.000513119407 0.000304677663 0.000180424284 0.000106624439 0.000038281751 0.000017400085 0.000012674642
    0.017837222702 0.015100870897 0.011098175648 0.008447838022 0.004551738651 0.003252806605 0.002610483306 0.001518531123 0.000893516810 0.000519101270 0.000296111740 0.000090466704 0.000027887543 0.000013648742
    ];

error = [0.000000053776 0.000000050232 0.000000039427 0.000000042536 0.000000036043 0.000000035334 0.000000035393 0.000000040738 0.000000040102 0.000000038445 0.000000036107 0.000000040470 0.000000034566 0.000000035219
    0.000001178904 0.000000994059 0.000000842674 0.000000551930 0.000000266222 0.000000181065 0.000000154642 0.000000097190 0.000000060869 0.000000054086 0.000000046086 0.000000044835 0.000000040638 0.000000031743
    0.000018148182 0.000018012176 0.000012982991 0.000010734503 0.000003202776 0.000002799939 0.000001781245 0.000000942348 0.000000521533 0.000000270757 0.000000218031 0.000000066746 0.000000041217 0.000000040060
    0.000054043567 0.000049221367 0.000034613292 0.000024582173 0.000011604724 0.000006276009 0.000005330760 0.000002686418 0.000001704123 0.000000734389 0.000000512896 0.000000152820 0.000000060521 0.000000042477
    ];

n_M4l = [10000 10000 10000 10000 10000 10000 10000 10000 10000 10000 10000 10000 10000 10000
    10000 10000 10000 10000 10000 10000 10000 10000 10000 10000 10000 10000 10000 10000
    10000 10000 10000 10000 10000 10000 10000 10000 10000 10000 10000 10000 10000 10000
    10000 10000 10000 10000 10000 10000 10000 10000 10000 10000 10000 10000 10000 10000
    ];

n_acc = [2403 2379 2538 2588 2593 2679 2571 2575 2577 2539 2540 2572 2497 2557
    1871 2087 2408 2905 3933 4425 4666 4787 4464 3854 3678 3098 2666 2566
    1966 2123 2520 2894 4115 4777 4969 5529 5554 5139 5976 5987 3797 2634
    1885 2065 2503 2971 4231 4716 5120 5684 5634 5484 6343 6810 5136 3090
    ];

